{"alphabet": ["A", "G", "C", "T"], "values": [[0.125, 0.4375, 0.4375, 0.0], [0.25, 0.6875, 0.0625, 0.0], [0.375, 0.375, 0.1875, 0.0625], [0.125, 0.8125, 0.0, 0.0625], [0.0625, 0.0625, 0.3125, 0.5625], [0.139793, 0.453957, 0.391457, 0.014793], [0.577293, 0.141457, 0.203957, 0.077293], [0.077293, 0.016457, 0.141457, 0.764793], [0.014793, 0.953957, 0.016457, 0.014793], [0.514793, 0.016457, 0.328957, 0.139793], [0.639793, 0.016457, 0.266457, 0.077293], [0.014793, 0.141457, 0.766457, 0.077293], [0.202293, 0.391457, 0.391457, 0.014793], [0.827293, 0.078957, 0.078957, 0.014793], [0.827293, 0.078957, 0.016457, 0.077293], [0.014793, 0.016457, 0.953957, 0.014793], [0.639793, 0.078957, 0.141457, 0.139793], [0.389793, 0.453957, 0.078957, 0.077293]]}