{"values": [[0.666667, 0.0, 0.333333, 0.0], [0.222222, 0.0, 0.777778, 0.0], [0.333333, 0.111111, 0.0, 0.555556], [0.111111, 0.0, 0.222222, 0.666667], [0.333333, 0.333333, 0.222222, 0.111111], [0.222222, 0.0, 0.0, 0.777778], [0.777778, 0.0, 0.222222, 0.0], [0.555556, 0.111111, 0.0, 0.333333], [0.111111, 0.222222, 0.666667, 0.0], [0.111111, 0.0, 0.222222, 0.666667], [0.888889, 0.111111, 0.0, 0.0], [0.251364, 0.470858, 0.026414, 0.251364], [0.695808, 0.137525, 0.137525, 0.029142], [0.251364, 0.470858, 0.026414, 0.251364], [0.251364, 0.693081, 0.026414, 0.029142], [0.140253, 0.248636, 0.58197, 0.029142], [0.91803, 0.026414, 0.026414, 0.029142], [0.029142, 0.137525, 0.137525, 0.695808], [0.029142, 0.693081, 0.248636, 0.029142], [0.473586, 0.137525, 0.137525, 0.251364], [0.029142, 0.137525, 0.804192, 0.029142], [0.251364, 0.026414, 0.026414, 0.695808], [0.584697, 0.137525, 0.026414, 0.251364], [0.029142, 0.137525, 0.137525, 0.695808]], "alphabet": ["A", "G", "C", "T"]}