{"values": [[0.0, 0.090909, 0.909091, 0.0], [0.0, 0.181818, 0.636364, 0.181818], [0.0, 0.0, 0.272727, 0.727273], [0.0, 0.636364, 0.363636, 0.0], [0.727273, 0.0, 0.181818, 0.090909], [0.090909, 0.818182, 0.0, 0.090909], [0.090909, 0.090909, 0.636364, 0.181818], [0.090909, 0.727273, 0.181818, 0.0], [0.018153, 0.845483, 0.118211, 0.018153], [0.199971, 0.027301, 0.118211, 0.654517], [0.654517, 0.118211, 0.20912, 0.018153], [0.018153, 0.754574, 0.027301, 0.199971], [0.109062, 0.027301, 0.754574, 0.109062], [0.745426, 0.20912, 0.027301, 0.018153], [0.018153, 0.027301, 0.936392, 0.018153], [0.109062, 0.118211, 0.663665, 0.109062], [0.018153, 0.027301, 0.845483, 0.109062], [0.036306, 0.145512, 0.690967, 0.127215], [0.763579, 0.054603, 0.145512, 0.036306], [0.036306, 0.781876, 0.145512, 0.036306], [0.036306, 0.32733, 0.145512, 0.490852], [0.036306, 0.054603, 0.236421, 0.67267]], "alphabet": ["A", "G", "C", "T"]}