{"alphabet": ["A", "G", "C", "T"], "values": [[0.119515, 0.088032, 0.710673, 0.081779], [0.119515, 0.050296, 0.767277, 0.062912], [0.591213, 0.069164, 0.238975, 0.100647], [0.100647, 0.050296, 0.805013, 0.044044], [0.087434, 0.110679, 0.695585, 0.106302], [0.130825, 0.076722, 0.152194, 0.640259], [0.183024, 0.241504, 0.430183, 0.145289], [0.122016, 0.293078, 0.198738, 0.386167], [0.117612, 0.45786, 0.306916, 0.117612], [0.268555, 0.401256, 0.155973, 0.174216], [0.147845, 0.257815, 0.484231, 0.110109], [0.221469, 0.306833, 0.269097, 0.202601], [0.221469, 0.269097, 0.269097, 0.240336], [0.240336, 0.25023, 0.306833, 0.202601], [0.134632, 0.148387, 0.129519, 0.587462], [0.023272, 0.948426, 0.00503, 0.023272], [0.155348, 0.061633, 0.722011, 0.061008], [0.04214, 0.042765, 0.023898, 0.891197], [0.140884, 0.010059, 0.028927, 0.820129], [0.008809, 0.236474, 0.161003, 0.593714], [0.004404, 0.061633, 0.872954, 0.061008], [0.008809, 0.010059, 0.010059, 0.971073], [0.122016, 0.142135, 0.72704, 0.008809], [0.593714, 0.066663, 0.161003, 0.17862], [0.027677, 0.028927, 0.066663, 0.876733], [0.027677, 0.500625, 0.255342, 0.216356], [0.145289, 0.033957, 0.788674, 0.032081], [0.091839, 0.493067, 0.059105, 0.35599], [0.172368, 0.223859, 0.48801, 0.115764]]}