{"alphabet": ["A", "G", "C", "T"], "values": [[0.182843, 0.184804, 0.537745, 0.094608], [0.271079, 0.096568, 0.62598, 0.006373], [0.006373, 0.12598, 0.743627, 0.12402], [0.006373, 0.037745, 0.94951, 0.006373], [0.918137, 0.037745, 0.008333, 0.035784], [0.0, 0.911765, 0.0, 0.088235], [0.035784, 0.478921, 0.12598, 0.359314], [0.594608, 0.008333, 0.096568, 0.30049], [0.535784, 0.067157, 0.037745, 0.359314], [0.241667, 0.302451, 0.067157, 0.388726], [0.006373, 0.096568, 0.861274, 0.035784], [0.271079, 0.331863, 0.214216, 0.182843], [0.035784, 0.920098, 0.037745, 0.006373], [0.035784, 0.831863, 0.008333, 0.12402], [0.035784, 0.861274, 0.067157, 0.035784], [0.065196, 0.273039, 0.037745, 0.62402], [0.329902, 0.067157, 0.420098, 0.182843]]}