{"alphabet": ["A", "G", "C", "T"], "values": [[0.8534, 0.104934, 0.0216, 0.020066], [0.020066, 0.688267, 0.104934, 0.186733], [0.186733, 0.2716, 0.188267, 0.3534], [0.436733, 0.0216, 0.2716, 0.270066], [0.020066, 0.188267, 0.0216, 0.770066], [0.770066, 0.0216, 0.104934, 0.1034], [0.1034, 0.104934, 0.0216, 0.770066], [0.686733, 0.104934, 0.188267, 0.020066], [0.020066, 0.938267, 0.0216, 0.020066], [0.020066, 0.688267, 0.2716, 0.020066], [0.333333, 0.416667, 0.25, 0.0], [0.166667, 0.583333, 0.0, 0.25], [0.75, 0.25, 0.0, 0.0], [0.0, 0.25, 0.333333, 0.416667], [0.583333, 0.166667, 0.25, 0.0], [0.186733, 0.104934, 0.604934, 0.1034], [0.020066, 0.0216, 0.7716, 0.186733], [0.020066, 0.354934, 0.604934, 0.020066], [0.186733, 0.0216, 0.7716, 0.020066], [0.020066, 0.0216, 0.188267, 0.770066], [0.770066, 0.188267, 0.0216, 0.020066]]}