{"values": [[0.84188, 0.021756, 0.112665, 0.023699], [0.114608, 0.385392, 0.203574, 0.296426], [0.205517, 0.112665, 0.203574, 0.478244], [0.023699, 0.65812, 0.112665, 0.205517], [0.114608, 0.021756, 0.021756, 0.84188], [0.114608, 0.021756, 0.839938, 0.023699], [0.660062, 0.112665, 0.021756, 0.205517], [0.750971, 0.021756, 0.021756, 0.205517], [0.296426, 0.385392, 0.203574, 0.114608], [0.272727, 0.181818, 0.090909, 0.454545], [0.272727, 0.545455, 0.0, 0.181818], [0.0, 0.090909, 0.272727, 0.636364], [0.181818, 0.090909, 0.454545, 0.272727], [0.0, 0.0, 0.0, 1.0], [0.0, 0.0, 0.727273, 0.272727], [0.454545, 0.181818, 0.181818, 0.181818], [0.181818, 0.727273, 0.0, 0.090909], [0.0, 0.272727, 0.727273, 0.0], [0.090909, 0.363636, 0.0, 0.545455], [0.205517, 0.112665, 0.112665, 0.569153], [0.023699, 0.749029, 0.021756, 0.205517], [0.114608, 0.021756, 0.567211, 0.296426], [0.296426, 0.112665, 0.567211, 0.023699], [0.090909, 0.090909, 0.0, 0.818182], [0.592852, 0.134421, 0.043512, 0.229215], [0.229215, 0.043512, 0.134421, 0.592852], [0.229215, 0.043512, 0.588967, 0.138306], [0.229215, 0.588967, 0.134421, 0.047397]], "alphabet": ["A", "G", "C", "T"]}