{"alphabet": ["A", "G", "C", "T"], "values": [[0.258945, 0.566055, 0.116055, 0.058945], [0.058945, 0.716055, 0.066055, 0.158945], [0.097156, 0.252844, 0.152844, 0.497156], [0.597156, 0.052844, 0.252844, 0.097156], [0.385367, 0.189633, 0.189633, 0.235367], [0.173578, 0.226422, 0.276422, 0.323578], [0.023578, 0.176422, 0.326422, 0.473578], [0.011789, 0.013211, 0.313211, 0.661789], [0.061789, 0.113211, 0.013211, 0.811789], [0.661789, 0.163211, 0.063211, 0.111789], [0.0, 0.1, 0.8, 0.1], [0.2, 0.05, 0.05, 0.7], [0.05, 0.05, 0.9, 0.0], [0.0, 0.0, 1.0, 0.0], [0.35, 0.05, 0.05, 0.55], [0.15, 0.2, 0.0, 0.65], [0.811789, 0.063211, 0.113211, 0.011789], [0.023578, 0.626422, 0.176422, 0.173578], [0.023578, 0.876422, 0.076422, 0.023578], [0.023578, 0.776422, 0.176422, 0.023578], [0.123578, 0.276422, 0.126422, 0.473578], [0.773578, 0.176422, 0.026422, 0.023578], [0.323578, 0.226422, 0.026422, 0.423578], [0.035367, 0.689633, 0.189633, 0.085367], [0.235367, 0.139633, 0.039633, 0.585367], [0.035367, 0.139633, 0.189633, 0.635367], [0.285367, 0.539633, 0.139633, 0.035367], [0.173578, 0.026422, 0.626422, 0.173578], [0.573578, 0.276422, 0.026422, 0.123578], [0.573578, 0.026422, 0.226422, 0.173578]]}