{"alphabet": ["A", "G", "C", "T"], "values": [[0.031255, 0.764199, 0.127835, 0.07671], [0.122165, 0.718745, 0.082381, 0.07671], [0.303983, 0.264199, 0.400563, 0.031255], [0.167619, 0.127835, 0.582381, 0.122165], [0.122165, 0.036926, 0.809654, 0.031255], [0.122165, 0.036926, 0.082381, 0.758528], [0.07671, 0.809654, 0.082381, 0.031255], [0.57671, 0.264199, 0.082381, 0.07671], [0.020837, 0.024618, 0.933709, 0.020837], [0.111746, 0.024618, 0.842799, 0.020837], [0.692237, 0.012309, 0.148672, 0.146782], [0.010418, 0.148672, 0.830491, 0.010418], [0.601328, 0.285036, 0.103218, 0.010418], [0.045455, 0.0, 0.0, 0.954545]]}