{"alphabet": ["A", "G", "C", "T"], "values": [[0.115934, 0.471022, 0.036239, 0.376804], [0.550717, 0.210152, 0.079718, 0.159413], [0.159413, 0.688413, 0.036239, 0.115934], [0.019319, 0.76329, 0.02416, 0.193232], [0.062797, 0.198073, 0.719812, 0.019319], [0.584536, 0.067638, 0.154594, 0.193232], [0.106275, 0.589377, 0.02416, 0.280188], [0.019319, 0.067638, 0.719812, 0.193232], [0.009659, 0.099036, 0.577297, 0.314007], [0.053138, 0.099036, 0.446862, 0.400964], [0.053138, 0.229471, 0.533819, 0.183572], [0.270529, 0.01208, 0.620775, 0.096616], [0.053138, 0.925123, 0.01208, 0.009659], [0.227051, 0.229471, 0.490341, 0.053138], [0.096616, 0.099036, 0.577297, 0.227051], [0.705311, 0.142515, 0.142515, 0.009659], [0.053138, 0.620775, 0.01208, 0.314007], [0.574877, 0.229471, 0.01208, 0.183572], [0.584536, 0.02416, 0.198073, 0.193232], [0.314007, 0.185993, 0.272949, 0.227051], [0.062797, 0.371986, 0.154594, 0.410623], [0.072456, 0.384066, 0.5145, 0.028978], [0.106275, 0.285029, 0.50242, 0.106275], [0.019319, 0.719812, 0.111116, 0.149753], [0.193232, 0.589377, 0.111116, 0.106275]]}