{"alphabet": ["A", "G", "C", "T"], "values": [[0.271264, 0.315692, 0.402649, 0.010395], [0.02079, 0.457471, 0.283558, 0.238181], [0.238181, 0.457471, 0.24008, 0.064268], [0.151224, 0.457471, 0.153123, 0.238181], [0.368616, 0.022689, 0.327036, 0.281659], [0.053873, 0.837431, 0.098301, 0.010395], [0.575612, 0.228736, 0.098301, 0.097351], [0.010395, 0.011344, 0.924388, 0.053873], [0.010395, 0.098301, 0.141779, 0.749525], [0.097351, 0.054823, 0.185257, 0.662569], [0.913043, 0.043478, 0.0, 0.043478], [0.086957, 0.043478, 0.434783, 0.434783], [0.130435, 0.73913, 0.043478, 0.086957], [0.130435, 0.0, 0.043478, 0.826087], [0.086957, 0.304348, 0.608696, 0.0]]}