{"values": [[0.048846, 0.031154, 0.331154, 0.588846], [0.108846, 0.151154, 0.671154, 0.068846], [0.068846, 0.031154, 0.431154, 0.468846], [0.008846, 0.171154, 0.091154, 0.728846], [0.084423, 0.285577, 0.485577, 0.144423], [0.004423, 0.085577, 0.905577, 0.004423], [0.068846, 0.031154, 0.871154, 0.028846], [0.844423, 0.085577, 0.005577, 0.064423], [0.028846, 0.051154, 0.891154, 0.028846], [0.073269, 0.136731, 0.656731, 0.133269], [0.197692, 0.082308, 0.042308, 0.677692], [0.202115, 0.247885, 0.467885, 0.082115], [0.102115, 0.187885, 0.367885, 0.342115], [0.086538, 0.473462, 0.293462, 0.146538], [0.295385, 0.424615, 0.144615, 0.135385]], "alphabet": ["A", "G", "C", "T"]}