{"alphabet": ["A", "G", "C", "T"], "values": [[0.167366, 0.082634, 0.300025, 0.449975], [0.102148, 0.082634, 0.626112, 0.189105], [0.145627, 0.060895, 0.256547, 0.536931], [0.05867, 0.256547, 0.213069, 0.471714], [0.140563, 0.229002, 0.511611, 0.118824], [0.097084, 0.076829, 0.79422, 0.031867], [0.053606, 0.011611, 0.859437, 0.075345], [0.70578, 0.03335, 0.142046, 0.118824], [0.010128, 0.055089, 0.924655, 0.010128], [0.053606, 0.120307, 0.707263, 0.118824], [0.162302, 0.03335, 0.011611, 0.792737], [0.184041, 0.229002, 0.468133, 0.118824], [0.097084, 0.272481, 0.250742, 0.379693], [0.026803, 0.549284, 0.331893, 0.092021], [0.41156, 0.305831, 0.110179, 0.17243], [0.15995, 0.198746, 0.524833, 0.116472], [0.267777, 0.253962, 0.253962, 0.224298], [0.240974, 0.269896, 0.248157, 0.240974], [0.187367, 0.236546, 0.280024, 0.296063], [0.096216, 0.175523, 0.132045, 0.596216], [0.010128, 0.902916, 0.076829, 0.010128], [0.20578, 0.055089, 0.598568, 0.140563], [0.053606, 0.03335, 0.055089, 0.857954], [0.085473, 0.023222, 0.023222, 0.868082], [0.060768, 0.200102, 0.156624, 0.582507], [0.091152, 0.12624, 0.647979, 0.13463]]}