{"alphabet": ["A", "G", "C", "T"], "values": [[0.15385, 0.53365, 0.15865, 0.15385], [0.195516, 0.575317, 0.054484, 0.174683], [0.165066, 0.022434, 0.209934, 0.602566], [0.03045, 0.240383, 0.09455, 0.634617], [0.025642, 0.047275, 0.922275, 0.004808], [0.796475, 0.068108, 0.088942, 0.046475], [0.129808, 0.422275, 0.338942, 0.108975], [0.004808, 0.713942, 0.213942, 0.067308], [0.567308, 0.109775, 0.193108, 0.129808], [0.025642, 0.005608, 0.943108, 0.025642], [0.134617, 0.21955, 0.011217, 0.634617], [0.176283, 0.198717, 0.052883, 0.572117], [0.035258, 0.183492, 0.683492, 0.097758], [0.102566, 0.3141, 0.272434, 0.3109], [0.019233, 0.6266, 0.084934, 0.269233]]}