{"values": [[0.0, 0.133333, 0.066667, 0.8], [0.0, 0.066667, 0.933333, 0.0], [0.066667, 0.933333, 0.0, 0.0], [0.0, 0.733333, 0.066667, 0.2], [0.0, 0.8, 0.133333, 0.066667], [0.066667, 0.0, 0.866667, 0.066667], [0.0, 0.466667, 0.533333, 0.0], [0.0, 0.866667, 0.0, 0.133333], [0.012661, 0.020672, 0.087339, 0.879328], [0.012661, 0.887339, 0.087339, 0.012661], [0.012661, 0.954006, 0.020672, 0.012661], [0.012661, 0.087339, 0.087339, 0.812661], [0.012661, 0.954006, 0.020672, 0.012661], [0.545994, 0.220672, 0.154006, 0.079328], [0.012661, 0.087339, 0.554006, 0.345994], [0.012661, 0.954006, 0.020672, 0.012661], [0.212661, 0.287339, 0.487339, 0.012661], [0.079328, 0.420672, 0.487339, 0.012661], [0.012661, 0.287339, 0.687339, 0.012661], [0.012661, 0.820672, 0.087339, 0.079328], [0.012661, 0.887339, 0.087339, 0.012661], [0.012661, 0.020672, 0.954006, 0.012661]], "alphabet": ["A", "G", "C", "T"]}