{"values": [[0.125, 0.625, 0.0, 0.25], [0.5625, 0.1875, 0.0, 0.25], [0.25, 0.1875, 0.0, 0.5625], [0.1875, 0.0625, 0.125, 0.625], [0.5625, 0.0, 0.0, 0.4375], [1.0, 0.0, 0.0, 0.0], [0.0625, 0.1875, 0.75, 0.0], [0.875, 0.0625, 0.0, 0.0625], [0.3125, 0.0625, 0.625, 0.0], [0.75, 0.125, 0.0, 0.125], [0.625, 0.3125, 0.0, 0.0625], [0.5625, 0.125, 0.1875, 0.125], [0.266643, 0.327107, 0.139607, 0.266643], [0.204143, 0.514607, 0.202107, 0.079143], [0.016643, 0.014607, 0.014607, 0.954143], [0.829143, 0.077107, 0.077107, 0.016643], [0.891643, 0.014607, 0.077107, 0.016643], [0.016643, 0.139607, 0.764607, 0.079143], [0.641643, 0.014607, 0.264607, 0.079143], [0.141643, 0.327107, 0.452107, 0.079143], [0.204143, 0.327107, 0.264607, 0.204143], [0.641643, 0.264607, 0.077107, 0.016643], [0.079143, 0.077107, 0.514607, 0.329143], [0.079143, 0.327107, 0.577107, 0.016643], [0.016643, 0.139607, 0.077107, 0.766643], [0.204143, 0.077107, 0.452107, 0.266643], [0.141643, 0.764607, 0.077107, 0.016643]], "alphabet": ["A", "G", "C", "T"]}