{"alphabet": ["A", "G", "C", "T"], "values": [[0.555498, 0.021425, 0.40604, 0.017036], [0.709344, 0.098348, 0.098348, 0.09396], [0.632421, 0.175271, 0.175271, 0.017036], [0.017036, 0.790656, 0.175271, 0.017036], [0.247806, 0.021425, 0.559887, 0.170883], [0.09396, 0.790656, 0.021425, 0.09396], [0.170883, 0.175271, 0.63681, 0.017036], [0.09396, 0.63681, 0.252194, 0.017036], [0.170883, 0.098348, 0.713733, 0.017036], [0.09396, 0.021425, 0.867579, 0.017036], [0.709344, 0.098348, 0.021425, 0.170883], [0.632421, 0.175271, 0.021425, 0.170883], [0.017036, 0.098348, 0.021425, 0.86319], [0.170883, 0.63681, 0.175271, 0.017036], [0.076923, 0.0, 0.769231, 0.153846], [0.0, 0.846154, 0.076923, 0.076923], [0.153846, 0.076923, 0.0, 0.769231], [0.153846, 0.153846, 0.0, 0.692308], [0.153846, 0.153846, 0.692308, 0.0], [0.153846, 0.384615, 0.0, 0.461538], [0.384615, 0.076923, 0.230769, 0.307692], [0.0, 0.153846, 0.692308, 0.153846], [0.0, 0.615385, 0.153846, 0.230769], [0.230769, 0.307692, 0.461538, 0.0], [0.0, 0.538462, 0.384615, 0.076923], [0.307692, 0.461538, 0.153846, 0.076923], [0.153846, 0.384615, 0.0, 0.461538]]}