{"values": [[0.130153, 0.089359, 0.552774, 0.227714], [0.130153, 0.13814, 0.284481, 0.447226], [0.100065, 0.156033, 0.277984, 0.465918], [0.173235, 0.204814, 0.497496, 0.124455], [0.094366, 0.100756, 0.759292, 0.045586], [0.118757, 0.076365, 0.710512, 0.094366], [0.679732, 0.051975, 0.149536, 0.118757], [0.045586, 0.051975, 0.808073, 0.094366], [0.078869, 0.079668, 0.689424, 0.15204], [0.121951, 0.073171, 0.121951, 0.682927], [0.268293, 0.170732, 0.487805, 0.073171], [0.127649, 0.201619, 0.250399, 0.420332], [0.15204, 0.494302, 0.29918, 0.054479], [0.298381, 0.372351, 0.177229, 0.15204], [0.162745, 0.227499, 0.495792, 0.113964], [0.205136, 0.282669, 0.307059, 0.205136], [0.253917, 0.258279, 0.282669, 0.205136], [0.278307, 0.258279, 0.258279, 0.205136], [0.12126, 0.134838, 0.110447, 0.633455], [0.005698, 0.957716, 0.030887, 0.005698], [0.15204, 0.055277, 0.713814, 0.078869], [0.030088, 0.006497, 0.006497, 0.956918], [0.103259, 0.006497, 0.006497, 0.883747], [0.005698, 0.226009, 0.152838, 0.615454], [0.005698, 0.006497, 0.957716, 0.030088], [0.054479, 0.006497, 0.006497, 0.932527], [0.084567, 0.086165, 0.817872, 0.011396], [0.613857, 0.081265, 0.130045, 0.174833], [0.069976, 0.100756, 0.051975, 0.777293]], "alphabet": ["A", "G", "C", "T"]}