{"alphabet": ["A", "G", "C", "T"], "values": [[0.030053, 0.219947, 0.594947, 0.155053], [0.140026, 0.016224, 0.016224, 0.827526], [0.077526, 0.016224, 0.078724, 0.827526], [0.077526, 0.016224, 0.016224, 0.890026], [0.265026, 0.453724, 0.078724, 0.202526], [0.202526, 0.141224, 0.641224, 0.015026], [0.077526, 0.703724, 0.141224, 0.077526], [0.702526, 0.078724, 0.016224, 0.202526], [0.515026, 0.328724, 0.016224, 0.140026], [0.015026, 0.766224, 0.141224, 0.077526], [0.655053, 0.094947, 0.094947, 0.155053], [0.077526, 0.078724, 0.141224, 0.702526], [0.015026, 0.828724, 0.141224, 0.015026], [0.015026, 0.016224, 0.828724, 0.140026], [0.015026, 0.203724, 0.078724, 0.702526], [0.077526, 0.203724, 0.453724, 0.265026], [0.765026, 0.016224, 0.141224, 0.077526], [0.702526, 0.203724, 0.078724, 0.015026], [0.140026, 0.766224, 0.078724, 0.015026], [0.765026, 0.078724, 0.078724, 0.077526], [0.140026, 0.266224, 0.016224, 0.577526], [0.077526, 0.016224, 0.766224, 0.140026], [0.077526, 0.641224, 0.203724, 0.077526], [0.140026, 0.141224, 0.203724, 0.515026], [0.077526, 0.078724, 0.828724, 0.015026]]}