{"alphabet": ["A", "G", "C", "T"], "values": [[0.533333, 0.4, 0.066667, 0.0], [1.0, 0.0, 0.0, 0.0], [1.0, 0.0, 0.0, 0.0], [0.016126, 0.15054, 0.483874, 0.34946], [0.016126, 0.15054, 0.017207, 0.816126], [0.54946, 0.217207, 0.083874, 0.14946], [0.016126, 0.017207, 0.883874, 0.082793], [0.016126, 0.017207, 0.017207, 0.94946], [0.016126, 0.283874, 0.683874, 0.016126], [0.016126, 0.883874, 0.083874, 0.016126], [0.816126, 0.017207, 0.15054, 0.016126], [0.016126, 0.283874, 0.417207, 0.282793], [0.048379, 0.651621, 0.251621, 0.048379], [0.381712, 0.051621, 0.318288, 0.248379], [0.381712, 0.184955, 0.051621, 0.381712], [0.115045, 0.718288, 0.118288, 0.048379], [0.082793, 0.417207, 0.483874, 0.016126]]}