{"alphabet": ["A", "G", "C", "T"], "values": [[0.103195, 0.226073, 0.469975, 0.200756], [0.273927, 0.104122, 0.104122, 0.517829], [0.030025, 0.152902, 0.030951, 0.786122], [0.127586, 0.030951, 0.762658, 0.078805], [0.030025, 0.055341, 0.055341, 0.859293], [0.273927, 0.348024, 0.152902, 0.225147], [0.005634, 0.006561, 0.982171, 0.005634], [0.005634, 0.030951, 0.95778, 0.005634], [0.035659, 0.086292, 0.061902, 0.816147], [0.005634, 0.201683, 0.543146, 0.249537], [0.030025, 0.640707, 0.128512, 0.200756], [0.200756, 0.201683, 0.250463, 0.347098], [0.103195, 0.348024, 0.299244, 0.249537], [0.090074, 0.458707, 0.434316, 0.016903], [0.090074, 0.434316, 0.336755, 0.138854], [0.174513, 0.520609, 0.203535, 0.101343]]}