{"alphabet": ["A", "G", "C", "T"], "values": [[0.0468, 0.695135, 0.211264, 0.0468], [0.079058, 0.372554, 0.501587, 0.0468], [0.304865, 0.308038, 0.372554, 0.014542], [0.175833, 0.11449, 0.27578, 0.433897], [0.498413, 0.017716, 0.308038, 0.175833], [0.0468, 0.372554, 0.533845, 0.0468], [0.0468, 0.082232, 0.11449, 0.756478], [0.014542, 0.017716, 0.049974, 0.917768], [0.021814, 0.058832, 0.897541, 0.021814], [0.08633, 0.058832, 0.026574, 0.828265], [0.021814, 0.929799, 0.026574, 0.021814], [0.480698, 0.035431, 0.454786, 0.029085], [0.093601, 0.099948, 0.777367, 0.029085], [0.254891, 0.099948, 0.035431, 0.60973], [0.093601, 0.196722, 0.648335, 0.061343], [0.021814, 0.445928, 0.510445, 0.021814], [0.021814, 0.768509, 0.09109, 0.118588], [0.029085, 0.261238, 0.325754, 0.383923], [0.021814, 0.25238, 0.41367, 0.312136], [0.079058, 0.340296, 0.372554, 0.208091], [0.111317, 0.469329, 0.11449, 0.304865], [0.175833, 0.179006, 0.372554, 0.272607], [0.175833, 0.340296, 0.404812, 0.079058], [0.0468, 0.082232, 0.11449, 0.756478], [0.828265, 0.026574, 0.123348, 0.021814], [0.054072, 0.155606, 0.574961, 0.215362], [0.125859, 0.261238, 0.487044, 0.125859], [0.60973, 0.067689, 0.293496, 0.029085]]}