{"values": [[0.049185, 0.061926, 0.173037, 0.715852], [0.0, 0.111111, 0.888889, 0.0], [0.0, 0.555556, 0.111111, 0.333333], [0.0, 0.777778, 0.0, 0.222222], [0.888889, 0.111111, 0.0, 0.0], [0.0, 0.111111, 0.777778, 0.111111], [0.111111, 0.777778, 0.111111, 0.0], [0.111111, 0.888889, 0.0, 0.0], [1.0, 0.0, 0.0, 0.0], [0.111111, 0.666667, 0.111111, 0.111111], [0.0, 1.0, 0.0, 0.0], [0.0, 0.111111, 0.222222, 0.666667], [0.111111, 0.111111, 0.222222, 0.555556], [0.777778, 0.222222, 0.0, 0.0], [0.024593, 0.030963, 0.919852, 0.024593], [0.80237, 0.030963, 0.142074, 0.024593], [0.80237, 0.030963, 0.030963, 0.135704], [0.024593, 0.808741, 0.142074, 0.024593], [0.024593, 0.030963, 0.030963, 0.913481], [0.024593, 0.69763, 0.142074, 0.135704], [0.024593, 0.142074, 0.808741, 0.024593], [0.135704, 0.030963, 0.69763, 0.135704], [0.135704, 0.142074, 0.586519, 0.135704], [0.024593, 0.142074, 0.142074, 0.691259], [0.135704, 0.142074, 0.586519, 0.135704], [0.024593, 0.253185, 0.030963, 0.691259], [0.024593, 0.808741, 0.142074, 0.024593], [0.135704, 0.808741, 0.030963, 0.024593], [0.160296, 0.061926, 0.061926, 0.715852]], "alphabet": ["A", "G", "C", "T"]}