{"values": [[0.140818, 0.442515, 0.409182, 0.007485], [0.107485, 0.709182, 0.175848, 0.007485], [0.048303, 0.318363, 0.48503, 0.148303], [0.081637, 0.218363, 0.48503, 0.21497], [0.048303, 0.018363, 0.851697, 0.081637], [0.581637, 0.18503, 0.18503, 0.048303], [0.007485, 0.242515, 0.009182, 0.740818], [0.240818, 0.442515, 0.242515, 0.074152], [0.007485, 0.009182, 0.875848, 0.107485], [0.048303, 0.88503, 0.051697, 0.01497], [0.048303, 0.051697, 0.851697, 0.048303], [0.489122, 0.427545, 0.060878, 0.022455], [0.055788, 0.060878, 0.194212, 0.689122], [0.889122, 0.060878, 0.027545, 0.022455], [0.122455, 0.560878, 0.260878, 0.055788], [0.089122, 0.360878, 0.460878, 0.089122], [0.389122, 0.460878, 0.060878, 0.089122], [0.01497, 0.018363, 0.018363, 0.948303]], "alphabet": ["A", "G", "C", "T"]}