{"alphabet": ["A", "G", "C", "T"], "values": [[0.129542, 0.238879, 0.554668, 0.076911], [0.024279, 0.028353, 0.817826, 0.129542], [0.497963, 0.028353, 0.396774, 0.076911], [0.024279, 0.712563, 0.238879, 0.024279], [0.234805, 0.080984, 0.659932, 0.024279], [0.012139, 0.066808, 0.172071, 0.748982], [0.327929, 0.066808, 0.382597, 0.222666], [0.012139, 0.014176, 0.172071, 0.801613], [0.064771, 0.066808, 0.066808, 0.801613], [0.012139, 0.066808, 0.908913, 0.012139], [0.327929, 0.119439, 0.540492, 0.012139], [0.157895, 0.368421, 0.473684, 0.0], [0.117403, 0.540492, 0.224703, 0.117403], [0.064771, 0.066808, 0.751018, 0.117403], [0.012139, 0.172071, 0.698387, 0.117403], [0.275297, 0.066808, 0.645755, 0.012139], [0.170034, 0.119439, 0.014176, 0.69635], [0.08905, 0.147792, 0.621476, 0.141682]]}