{"alphabet": ["A", "G", "C", "T"], "values": [[0.691972, 0.030251, 0.196917, 0.080861], [0.025305, 0.196917, 0.752473, 0.025305], [0.025305, 0.030251, 0.030251, 0.914194], [0.080861, 0.085806, 0.585806, 0.247527], [0.191972, 0.030251, 0.696917, 0.080861], [0.025305, 0.030251, 0.308028, 0.636416], [0.025305, 0.919139, 0.030251, 0.025305], [0.136416, 0.141362, 0.530251, 0.191972], [0.025305, 0.030251, 0.641362, 0.303083], [0.025305, 0.030251, 0.196917, 0.747527], [0.691972, 0.030251, 0.196917, 0.080861], [0.025305, 0.030251, 0.863584, 0.080861], [0.0, 0.166667, 0.0, 0.833333], [0.0, 0.0, 0.333333, 0.666667], [0.012653, 0.070681, 0.904014, 0.012653], [0.025305, 0.030251, 0.030251, 0.914194], [0.025305, 0.919139, 0.030251, 0.025305]]}