{"values": [[0.480291, 0.019709, 0.404324, 0.095676], [0.249522, 0.635093, 0.096632, 0.018753], [0.095676, 0.55817, 0.173555, 0.172599], [0.787984, 0.019709, 0.096632, 0.095676], [0.71106, 0.019709, 0.250478, 0.018753], [0.095676, 0.78894, 0.096632, 0.018753], [0.095676, 0.173555, 0.096632, 0.634137], [0.095676, 0.019709, 0.78894, 0.095676], [0.095676, 0.019709, 0.096632, 0.787984], [0.787984, 0.019709, 0.019709, 0.172599], [0.095676, 0.78894, 0.096632, 0.018753], [0.095676, 0.55817, 0.173555, 0.172599], [0.249522, 0.173555, 0.173555, 0.403368], [0.018753, 0.096632, 0.635093, 0.249522], [0.095676, 0.019709, 0.865863, 0.018753], [0.0, 0.0, 0.076923, 0.923077], [0.076923, 0.230769, 0.076923, 0.615385], [0.0, 0.846154, 0.153846, 0.0], [0.538462, 0.076923, 0.076923, 0.307692], [0.538462, 0.153846, 0.0, 0.307692], [0.0, 0.0, 0.307692, 0.692308], [0.076923, 0.076923, 0.692308, 0.153846]], "alphabet": ["A", "G", "C", "T"]}