{"alphabet": ["A", "G", "C", "T"], "values": [[0.120578, 0.129422, 0.691922, 0.058078], [0.029039, 0.158461, 0.095961, 0.716539], [0.091539, 0.033461, 0.845961, 0.029039], [0.029039, 0.908461, 0.033461, 0.029039], [0.029039, 0.033461, 0.720961, 0.216539], [0.091539, 0.283461, 0.033461, 0.591539], [0.091539, 0.095961, 0.783461, 0.029039], [0.154039, 0.033461, 0.720961, 0.091539], [0.106058, 0.300192, 0.050192, 0.543558], [0.106058, 0.112692, 0.237692, 0.543558], [0.029039, 0.720961, 0.220961, 0.029039], [0.029039, 0.095961, 0.720961, 0.154039], [0.404039, 0.095961, 0.345961, 0.154039], [0.529039, 0.345961, 0.033461, 0.091539], [0.106058, 0.050192, 0.800192, 0.043558], [0.606058, 0.112692, 0.175192, 0.106058], [0.168558, 0.050192, 0.050192, 0.731058], [0.418558, 0.175192, 0.362692, 0.043558], [0.106058, 0.175192, 0.612692, 0.106058], [0.043558, 0.175192, 0.675192, 0.106058], [0.106058, 0.050192, 0.675192, 0.168558], [0.293558, 0.175192, 0.112692, 0.418558], [0.731058, 0.050192, 0.050192, 0.168558]]}