{"alphabet": ["A", "G", "C", "T"], "values": [[0.055222, 0.558415, 0.26296, 0.123404], [0.168858, 0.51296, 0.194778, 0.123404], [0.11852, 0.029207, 0.824662, 0.027611], [0.504884, 0.211025, 0.188298, 0.095793], [0.050338, 0.824662, 0.097389, 0.027611], [0.805222, 0.01296, 0.126596, 0.055222], [0.037378, 0.860349, 0.042167, 0.060105], [0.35556, 0.042167, 0.587622, 0.014651], [0.055222, 0.831142, 0.035687, 0.077949], [0.019535, 0.866829, 0.094102, 0.019535], [0.087716, 0.02592, 0.821375, 0.064989], [0.524418, 0.100582, 0.305127, 0.069873]]}